ELF1=	343.490656457784
G6PDH=	325.096106539151
GH63=	307.250155672129
LYS2=	306.17204568487
MCM7=	339.726622853515
RPB1=	331.024860928291
RPB2=	321.424314261432
TOP2=	326.022214775575
ITS=	14200.6042930494
LSU=	15336.8258015861
SCG depth average=	325
estimated rDNA CN (ITS only)=	44
estimated rDNA CN (ITS / LSU)=	45
% diff ITS / LSU=	7.693
