ELF1=	138.587762557763
G6PDH=	145.449038424347
GAPDH=	139.504409515673
GH63=	146.528398356561
MCM7=	150.753028359648
MLS=	141.711269571867
RPB1=	143.176585800118
RPB2=	136.85802705932
TOP2=	142.919117045902
ITS=	26393.5342337734
LSU=	26898.6952038871
SCG depth average=	143
estimated rDNA CN (ITS only)=	185
estimated rDNA CN (ITS / LSU)=	187
% diff ITS / LSU=	1.896
