G6PDH=	384.98248103045
GAPDH=	324.943669789155
GH63=	433.483732118178
LYS2=	379.105100472411
MCM7=	417.127339942959
MLS=	391.750175525591
RPB1=	397.846944834389
TOP2=	410.714120642223
ITS=	16205.2519954453
LSU=	11343.8492564004
SCG depth average=	392
estimated rDNA CN (ITS only)=	41
estimated rDNA CN (ITS / LSU)=	35
% diff ITS / LSU=	35.293
