G6PDH=	900.266405339622
GAPDH=	864.064923074348
GH63=	878.287976363499
MCM7=	872.654498193272
MLS=	861.576275892551
RPB2=	875.405495055033
TOP2=	891.92625064658
ITS=	48422.7557242859
LSU=	42999.7912011745
SCG depth average=	878
estimated rDNA CN (ITS only)=	55
estimated rDNA CN (ITS / LSU)=	52
% diff ITS / LSU=	11.864
