G6PDH=	1211.82673389708
GAPDH=	1192.70720762991
MCM7=	1249.46043087601
MLS=	1226.06952504827
RPB1=	1248.57889914165
ITS=	139587.079365282
LSU=	134079.793292375
SCG depth average=	1226
estimated rDNA CN (ITS only)=	114
estimated rDNA CN (ITS / LSU)=	112
% diff ITS / LSU=	4.025
