ELF1=	131.279195798667
GH63=	134.086524000338
LYS2=	146.013855490362
MCM7=	147.261962481843
MLS=	175.247708266106
RPB1=	224.85756503899
RPB2=	135.963422693252
TOP2=	128.527101203798
ITS=	11800.4868804795
LSU=	12270.8696380181
SCG depth average=	153
estimated rDNA CN (ITS only)=	77
estimated rDNA CN (ITS / LSU)=	79
% diff ITS / LSU=	3.908
